14 2 19 12 8 22 9 26 18 13 3 21 5 29 17 0 15 7 10 11 20 28 16 24 23 25 1 27 6 4

4 28 15 11 24 17 16 29 3 26 9 22 2 19 0 23 25 18 13 5 8 7 12 21 14 20 27 6 1 10

24 15 28 26 4 16 3 11 9 0 2 19 17 22 23 25 18 8 13 5 7 29 10 20 21 12 27 14 1 6

29 11 28 4 24 15 16 9 19 3 17 26 2 22 25 18 7 13 0 8 12 23 5 14 21 20 6 27 10 1

28 15 24 4 11 16 26 29 17 9 3 19 2 22 0 23 25 8 18 13 21 12 5 7 20 10 14 6 1 27

4 28 11 15 24 16 17 29 26 9 3 2 22 19 23 0 18 25 13 8 5 21 7 12 14 20 27 6 10 1

4 28 11 15 24 16 17 29 0 22 26 9 19 3 13 2 18 23 5 25 8 7 21 12 14 20 27 6 1 10

1 10 6 27 20 14 12 7 21 5 8 13 18 25 23 0 2 19 22 3 9 26 17 29 16 24 15 11 28 4

4 28 11 15 24 16 29 17 26 3 9 22 2 19 0 23 18 25 13 8 5 21 7 12 14 20 27 6 10 1

4 28 11 15 24 16 17 29 26 9 3 19 22 2 0 23 25 13 18 8 5 7 12 21 14 20 27 6 10 1

1 5 8 0 22 13 18 3 26 21 29 17 16 12 24 19 25 14 2 15 7 11 23 20 9 28 4 10 6 27

23 22 25 26 27 29 24 15 3 11 7 28 17 18 21 13 1 9 14 2 19 12 4 0 16 6 8 10 20 5

16 28 24 1 23 4 12 19 15 9 17 11 26 3 25 22 2 29 13 0 21 8 5 18 7 14 10 6 20 27

4 15 11 24 16 29 3 28 17 26 19 0 9 22 2 23 25 18 13 5 8 7 21 12 14 27 20 6 10 1

4 24 11 28 16 29 15 17 26 9 3 22 19 2 0 23 25 13 18 8 21 5 7 12 14 20 27 10 6 1

4 11 28 15 24 16 17 29 26 3 9 22 19 2 23 0 18 13 25 8 21 5 7 12 14 20 27 6 10 1

25 3 15 24 11 26 7 4 29 19 28 9 16 21 18 22 12 20 5 14 17 6 8 2 1 0 23 13 10 27

4 28 24 11 17 15 16 26 29 9 3 2 22 0 25 23 8 19 18 5 13 21 7 12 27 20 14 6 10 1

4 11 28 15 24 16 17 29 26 9 3 19 22 2 23 0 25 18 13 8 21 5 7 12 14 20 27 10 6 1

1 8 18 23 21 0 9 26 13 29 17 25 2 22 5 15 6 24 12 20 11 14 27 16 28 3 10 4 7 19

