30 28
4 1
28 3
11 11
15 17
24 18
16 27
17 32
29 39
26 47
9 52
3 60
22 64
19 68
2 77
0 82
23 88
25 92
18 98
13 105
8 113
5 117
21 119
7 122
12 124
14 134
20 139
27 145
6 155
10 163
1 173
15 6
26 18
25 1
24 23
7 10
28 24
18 13
3 10
20 1
27 6
26 23
3 5
17 0
19 12
29 0
24 1
21 27
15 7
11 23
11 20
19 8
3 21
13 27
25 27
26 3
13 5
28 16
23 25

30 353
4 1
28 9
11 18
15 24
24 32
16 41
17 48
29 52
26 60
9 62
3 69
22 70
19 71
2 80
0 81
23 87
25 96
18 100
13 109
8 115
5 118
21 128
7 137
12 145
14 150
20 155
27 160
6 169
10 170
1 173
12 6
22 2
0 14
3 21
28 13
29 12
2 6
24 0
8 14
25 10
4 2
16 27
19 7
17 22
5 12
15 29
4 1
4 16
19 21
24 12
2 5
24 23
9 20
16 22
27 6
29 18
13 10
11 21
3 7
22 1
25 7
26 9
29 19
24 17
3 12
26 8
28 21
26 0
16 8
2 13
29 25
9 12
3 8
2 27
28 19
8 27
16 20
17 18
16 5
28 25
25 13
11 17
11 8
29 0
22 20
12 27
9 18
25 5
22 21
17 19
28 27
4 23
5 1
28 29
22 0
28 24
23 21
26 14
29 10
0 21
0 8
2 21
8 21
28 22
19 18
24 5
3 0
16 7
2 14
28 17
15 22
9 23
24 29
28 12
2 23
24 25
28 9
16 19
22 23
17 23
28 11
14 6
20 1
17 14
11 26
28 23
16 3
16 12
17 13
25 6
11 20
4 24
5 27
12 20
28 26
29 8
15 27
2 12
28 18
16 29
6 10
17 9
4 12
18 8
24 27
19 10
19 23
19 6
0 7
9 7
4 20
29 5
22 14
19 12
7 1
15 2
23 8
16 21
8 12
25 20
17 10
24 9
25 21
29 14
16 9
4 10
16 0
24 19
28 1
3 19
11 27
24 18
22 5
13 12
3 1
13 8
28 0
9 14
11 7
14 20
24 2
2 7
7 12
16 14
3 10
3 20
4 6
29 6
12 14
28 8
2 20
21 6
24 1
29 7
16 18
28 15
29 3
24 16
4 0
22 7
3 6
0 27
15 26
24 8
4 15
28 6
23 27
2 1
8 7
19 0
29 2
26 5
7 6
22 19
19 25
4 7
9 0
18 10
4 19
16 6
16 25
4 9
9 21
3 23
15 21
23 14
12 10
0 5
23 6
18 6
0 20
0 25
22 13
2 10
3 18
27 10
11 24
18 13
25 18
20 27
26 22
18 7
29 9
18 20
15 14
13 14
13 6
17 0
23 7
3 13
18 21
21 20
2 8
9 27
25 8
17 8
4 11
4 13
17 1
15 17
15 19
17 2
17 20
15 7
26 13
4 3
23 20
3 22
15 12
29 27
29 13
20 6
28 7
11 5
5 14
7 27
24 13
8 20
17 21
15 13
3 5
24 14
23 25
23 10
28 14
9 1
19 20
26 18
2 25
13 5
23 1
15 23
19 5
17 29
15 0
19 14
11 19
4 26
4 28
9 22
11 9
4 18
4 29
23 12
29 21
17 12
4 25
18 27
11 3
0 10
4 14
26 20
26 12
19 8
17 25
15 18
4 22
17 27
3 14
29 20
24 20
14 10
26 7
29 26
11 12
5 10
22 12
28 10
16 26
24 7
21 14
5 7
4 21
29 22
9 5
24 22
13 21
27 1
18 1
26 23
8 1
15 8
17 26
24 10
29 1
2 0
9 19
3 2
0 1
21 1
19 1
0 23
23 13
21 10
14 1
26 21
2 18
22 25
5 20
29 23
11 18
7 14
7 10
9 13
23 18
15 1
24 6
16 13
13 1
6 1
9 2
15 5
11 13
17 7
20 10
0 6
0 13
15 10
11 22
11 2
9 10
15 25
15 9

30 130
4 1
28 11
11 16
15 23
24 24
16 33
17 36
29 38
26 42
9 51
3 56
22 66
19 70
2 73
0 83
23 90
25 93
18 100
13 106
8 114
5 121
21 124
7 125
12 129
14 133
20 138
27 147
6 153
10 155
1 159
9 19
9 2
28 20
18 27
24 22
18 7
22 18
23 21
18 21
3 27
4 1
12 14
4 12
28 8
17 29
9 22
11 19
4 19
4 9
25 20
25 14
23 12
22 23
13 20
17 25
11 17
17 12
29 10
11 9
28 0
8 12
17 22
16 21
2 12
0 7
16 19
24 0
4 18
5 7
25 18
4 27
8 7
17 27
24 20
15 5
24 25
7 20
13 1
5 20
15 14
3 21
16 12
29 12
21 6
4 16
8 14
26 8
19 13
28 16
0 5
16 3
28 26
19 23
15 26
17 10
11 10
23 10
16 0
2 18
14 6
3 0
3 7
12 27
15 8
26 0
25 12
23 18
5 1
28 22
15 17
9 0
28 21
2 1
24 8
29 20
23 20
15 2
13 6
28 3
13 5
11 27
3 6
19 10
25 8
16 20
15 12
13 14
21 12
23 25
29 21
26 25
4 22
4 11
18 8
15 9
19 1
19 8
25 10
24 29
18 12
3 5
20 27
28 14
26 23
18 13
9 18
26 5
11 6
9 7
4 8
28 1
24 19
16 23
4 10
4 2
9 8
15 7
5 6
14 1
25 1

30 150
4 1
28 3
11 4
15 6
24 8
16 16
17 19
29 29
26 33
9 36
3 41
22 42
19 47
2 55
0 57
23 67
25 77
18 87
13 91
8 101
5 109
21 115
7 125
12 133
14 142
20 151
27 152
6 153
10 155
1 165
29 10
29 1
11 25
20 6
24 19
0 23
9 21
22 25
2 20
26 20
28 5
13 20
28 26
8 12
16 12
29 27
11 10
4 25
4 16
19 1
21 1
22 27
9 19
25 18
16 1
11 14
17 26
17 6
5 1
11 17
25 14
16 14
16 18
3 8
14 20
16 17
24 12
28 24
25 10
19 7
28 19
25 21
17 0
24 6
15 10
24 14
18 1
21 20
18 13
24 26
26 7
16 13
17 21
18 6
4 24
25 6
7 20
14 6
28 21
8 20
24 10
28 7
9 27
15 23
5 21
15 2
12 14
16 9
3 2
13 10
26 13
26 12
13 27
15 6
8 6
19 27
22 0
18 7
11 16
15 0
26 22
11 3
3 7
24 27
17 12
19 18
15 27
25 13
28 20
5 14
15 16
9 3
9 1
12 20
16 5
24 16
23 10
18 12
21 6
17 5
29 0
4 17
4 15
2 12
15 13
3 22
9 10
2 23
24 3
0 8
26 5
8 21
11 19
29 26
2 21
10 1
29 5
15 22
26 25
28 16
11 21
24 0
21 10
28 23
4 5
26 23
20 27
18 5
13 1
2 25
14 10
3 12
27 10
17 13
23 20
11 27
25 8
3 10
16 3
19 6
29 8
19 8
19 12
3 6
9 6
11 26
15 1
23 5
17 1
26 2

30 181
4 1
28 6
11 15
15 23
24 27
16 29
17 36
29 43
26 51
9 55
3 65
22 70
19 77
2 82
0 85
23 86
25 91
18 98
13 104
8 113
5 114
21 121
7 130
12 135
14 144
20 149
27 151
6 157
10 167
1 172
7 20
17 5
14 6
25 27
15 2
8 6
29 5
9 3
22 0
20 6
4 1
2 1
4 7
0 12
24 20
17 13
11 17
4 9
12 6
3 23
23 27
9 13
29 8
19 2
24 1
13 21
16 17
16 13
23 5
28 9
5 7
21 27
18 7
26 19
25 8
14 27
15 21
7 14
19 14
9 1
13 5
19 25
16 29
15 6
15 24
15 7
2 20
23 21
2 0
15 3
29 3
24 18
16 2
18 14
4 16
19 12
23 1
25 5
21 12
0 27
24 29
28 24
29 21
11 8
23 18
11 23
25 18
6 1
5 1
0 13
17 1
29 2
0 23
11 6
23 25
3 19
18 21
2 21
28 17
11 13
17 7
28 18
26 25
15 12
16 0
9 8
11 14
19 0
28 16
23 13
11 22
29 18
29 20
25 13
24 14
15 9
22 10
2 12
23 12
16 3
17 9
4 26
4 11
3 5
11 21
13 1
29 12
3 25
15 19
22 13
29 9
0 21
28 13
16 6
3 8
13 27
17 18
5 14
17 27
4 5
28 7
8 12
23 20
4 27
4 22
17 20
8 14
2 25
0 5
3 13
25 21
26 13
21 6
8 10
22 20
11 16
19 23
26 27
24 0
3 0
17 22
9 10
14 1
26 14
29 7
28 19
15 17
22 8
16 21
17 12
26 10
24 23
18 1
2 14
24 19
4 14
28 27
5 20
29 6
15 8
20 10
16 26
22 23
8 27
19 18
11 0
18 13
29 1
28 15
24 10
25 10
4 8
17 8
3 22
4 17
24 9
28 21
7 1
29 23
25 14
18 12

30 397
4 1
28 7
11 8
15 14
24 24
16 34
17 37
29 40
26 41
9 43
3 51
22 57
19 58
2 65
0 68
23 69
25 75
18 77
13 84
8 92
5 99
21 101
7 102
12 109
14 119
20 124
27 132
6 138
10 143
1 144
13 12
9 13
19 21
26 1
28 19
17 12
22 20
5 14
25 8
0 14
4 19
16 29
3 21
16 19
25 14
11 8
12 10
4 16
3 5
24 16
22 13
15 12
26 23
24 25
8 12
17 18
5 6
11 22
9 3
3 19
0 21
29 26
17 22
15 0
9 22
29 23
28 0
29 22
24 14
22 25
17 23
26 2
26 27
22 14
28 29
25 21
16 17
16 13
24 20
28 3
0 25
28 27
11 9
17 2
3 22
13 7
29 1
0 13
9 27
16 2
7 12
4 0
25 1
28 15
9 5
4 1
2 23
29 7
17 10
19 8
19 18
22 8
5 27
28 17
3 25
15 10
26 7
24 6
22 7
28 11
11 7
29 10
15 23
28 8
22 19
15 14
28 16
24 18
9 7
16 25
4 6
13 27
8 7
16 20
28 6
28 9
20 6
24 10
14 27
0 12
11 23
4 24
25 6
13 21
28 24
17 8
15 3
22 21
28 22
24 19
8 27
16 22
4 21
12 20
24 26
3 27
3 0
3 20
19 5
21 6
4 12
17 5
9 1
3 7
13 8
11 14
2 0
5 12
25 13
0 7
16 10
15 25
0 5
17 14
24 0
4 20
21 14
15 13
6 10
26 5
11 18
15 20
8 10
23 12
9 25
23 5
28 26
26 0
11 2
13 20
15 5
5 1
18 12
24 1
9 23
9 2
4 14
17 6
13 5
28 2
22 12
18 5
12 14
17 7
27 10
4 10
17 9
15 2
4 2
9 6
9 0
19 12
11 5
15 6
4 15
28 7
2 14
22 1
14 6
3 2
17 19
21 1
18 6
9 18
3 23
4 5
29 6
23 13
4 22
16 26
24 21
4 26
26 22
26 12
15 17
2 7
7 10
19 13
2 20
23 18
19 7
19 23
9 14
22 6
26 14
8 14
28 20
0 20
2 10
13 1
29 9
0 10
17 26
0 1
15 9
23 14
23 20
27 6
2 18
7 20
0 6
18 8
22 18
26 25
0 18
16 5
27 1
4 13
16 1
11 13
11 12
21 10
16 27
15 29
29 0
4 9
2 12
26 8
21 12
17 27
17 13
20 27
21 20
11 3
25 20
18 27
15 27
7 6
16 21
11 1
26 6
24 17
19 6
5 20
28 5
26 13
3 14
29 2
22 0
23 21
2 6
11 27
3 8
16 9
11 20
3 12
11 16
4 29
4 28
5 7
28 10
4 18
4 17
2 13
17 21
16 14
4 25
23 25
28 1
19 20
4 7
29 12
29 21
3 13
16 18
11 10
4 3
16 6
9 19
17 20
24 29
13 6
29 8
17 29
11 0
25 10
9 10
28 12
24 2
15 1
14 10
25 12
7 14
17 3
26 3
15 18
23 7
8 20
23 8
29 19
25 7
15 24
16 3
12 6
17 1
3 10
29 20
10 1
8 1
21 7
3 6
5 21
19 1
18 21
13 10
29 13
22 23
9 12
25 27
17 0
11 29
18 14
18 10
26 9
19 10
15 19
24 9
24 12
14 1
8 6
29 27
15 16
11 26
16 12
8 21
19 14
19 25
15 22
12 27
11 17
26 18
11 6
20 1
9 20
19 27
19 0
29 14
24 27
15 7
2 27
23 10
23 27
24 23
22 5
18 7
15 26
24 8
28 13
26 19
16 0
29 18
28 21
4 8
14 20
25 5
13 14
24 7
6 1
0 27
11 15
24 3
4 27
28 14
26 20
16 8
23 1
18 13
23 6
8 5
5 10
11 21
16 23
7 1
4 11
12 1
24 22
26 21

30 274
4 1
28 5
11 15
15 25
24 28
16 36
17 45
29 51
26 61
9 62
3 71
22 77
19 84
2 91
0 97
23 102
25 106
18 107
13 108
8 116
5 120
21 128
7 134
12 142
14 152
20 161
27 163
6 173
10 180
1 189
3 20
23 20
14 20
0 20
11 17
9 1
21 1
16 29
16 6
22 8
4 13
29 19
13 8
29 7
27 6
15 23
28 3
4 17
18 1
16 13
5 14
16 26
2 25
17 0
11 27
9 5
2 12
15 29
0 6
25 10
3 23
3 7
9 19
24 18
0 10
22 19
11 26
3 14
17 21
5 21
9 13
19 10
0 12
21 27
28 14
8 21
29 22
26 9
17 7
28 10
15 6
11 21
15 16
9 23
25 6
17 5
19 5
26 21
25 21
29 14
11 23
4 7
23 10
28 13
23 27
28 23
26 18
22 21
3 5
12 10
12 14
5 6
22 10
28 7
18 20
16 25
2 1
17 6
21 14
28 25
15 5
19 8
24 5
11 22
8 7
16 3
28 5
17 23
23 6
29 10
28 22
24 16
24 2
26 13
11 7
28 27
17 22
17 10
26 3
15 24
15 19
4 24
7 20
16 20
28 8
9 12
24 22
21 12
11 15
17 29
15 27
29 21
28 15
15 3
16 14
13 10
18 7
13 6
12 1
19 6
28 16
9 27
25 20
13 12
6 10
15 7
9 6
17 14
29 5
16 7
26 7
24 7
0 1
3 2
17 9
28 29
17 18
24 10
11 13
2 7
15 2
16 22
25 8
24 12
23 21
4 1
28 20
2 23
15 9
19 18
16 17
5 10
9 25
29 26
23 5
23 25
28 17
3 13
24 0
11 29
21 20
8 27
16 10
9 10
17 8
28 2
26 1
24 25
4 5
25 7
23 8
14 10
15 25
16 23
4 15
11 25
28 24
7 14
15 1
25 1
9 2
22 18
19 21
23 14
18 14
28 11
19 13
26 25
4 25
29 0
17 13
4 3
19 20
0 8
24 17
11 20
15 18
12 20
22 12
16 18
14 6
7 27
23 1
7 12
0 5
11 10
11 5
26 20
29 1
7 1
3 12
25 14
26 6
11 18
24 3
19 7
2 8
29 6
4 20
0 21
6 1
22 13
5 7
2 18
4 19
26 19
4 11
4 6
26 12
15 0
15 21
29 20
26 8
24 29
3 1
4 22
20 1
2 21
24 26
3 25
9 21
20 27
11 3
15 17
13 1
11 1
16 19
3 21
26 2
15 10
0 14
16 5
27 10
22 5
11 0
2 5
13 27
3 6
8 20
9 3
18 27
15 20
18 6
29 25
15 12
13 20
11 6
4 9
4 28
22 27
11 12
4 27
4 26
17 26

30 1
4 1
28 7
11 16
15 24
24 33
16 40
17 48
29 52
26 60
9 69
3 75
22 80
19 87
2 97
0 107
23 114
25 119
18 128
13 137
8 142
5 146
21 147
7 154
12 155
14 161
20 164
27 173
6 182
10 191
1 201
17 29

30 336
4 1
28 7
11 12
15 16
24 19
16 29
17 36
29 44
26 54
9 62
3 65
22 74
19 82
2 86
0 93
23 97
25 99
18 108
13 115
8 118
5 119
21 129
7 131
12 140
14 144
20 150
27 152
6 153
10 159
1 162
21 20
22 1
25 13
22 13
28 25
26 2
0 1
24 13
7 14
8 5
4 0
17 2
2 8
17 8
7 1
11 6
4 1
4 29
2 18
24 6
0 5
24 8
3 5
16 25
11 9
29 10
21 14
11 13
22 8
19 27
13 6
26 20
29 21
24 22
22 5
9 19
28 5
26 6
16 7
0 18
29 6
3 18
22 25
0 10
28 22
7 27
17 19
17 20
16 27
28 0
13 12
11 15
11 25
29 12
19 20
16 21
3 19
13 20
19 21
17 5
28 14
4 25
12 10
28 29
19 0
28 24
18 8
9 8
26 21
23 10
23 27
0 21
21 27
28 3
2 0
24 20
22 19
16 10
0 14
28 16
15 26
9 1
24 19
28 7
2 1
24 5
28 9
16 18
19 18
17 12
28 11
15 7
24 29
29 3
11 16
28 2
16 23
17 26
17 27
13 1
11 12
4 17
12 27
16 9
28 26
26 9
24 16
0 12
28 23
16 19
15 18
17 18
4 14
8 14
16 26
2 14
19 10
2 12
23 1
3 25
4 27
26 3
19 14
2 5
6 1
15 22
18 13
16 6
7 12
13 10
29 0
24 2
13 27
26 25
16 0
4 10
16 13
24 25
28 10
3 6
11 14
24 21
19 5
5 27
22 27
5 12
28 19
3 8
11 21
9 20
24 18
0 7
20 10
17 9
22 20
22 12
4 6
26 5
10 1
28 18
0 27
14 27
16 22
26 19
16 5
28 15
29 8
24 3
4 23
19 7
22 14
25 5
11 1
24 14
4 15
28 20
18 6
23 18
21 10
19 6
29 7
9 0
27 1
22 6
19 1
4 7
9 10
5 21
4 2
17 0
16 8
4 3
3 23
22 2
15 14
18 20
15 24
23 6
18 1
8 1
25 8
23 12
19 8
23 25
22 0
11 19
28 1
8 21
13 7
23 14
26 27
8 27
29 18
8 6
15 1
5 10
21 7
17 7
18 5
22 23
8 20
14 20
0 13
3 21
13 14
17 6
4 11
4 5
29 23
11 20
15 3
17 21
29 19
15 6
9 22
4 22
18 27
3 20
15 10
26 8
29 1
25 21
28 21
11 18
12 14
27 6
24 12
7 20
17 10
15 5
22 18
16 17
25 20
13 8
28 12
3 14
2 7
26 1
0 23
5 14
13 5
15 25
2 25
17 23
15 23
2 21
11 22
4 9
4 28
9 7
11 29
4 8
4 26
18 7
26 22
29 26
4 18
8 10
11 26
25 7
4 20
9 5
9 18
2 23
17 14
15 13
4 19
29 2
22 21
26 18
16 29
11 0
9 25
29 25
11 7
12 6
19 12
28 27
16 2
24 27
12 1
7 10
4 21
29 5
3 0
24 23
5 20
3 7
5 7
26 10
7 6
15 21
17 25
16 3
26 7
2 6
9 14
3 1
25 14
20 27
2 20
23 5
25 10
14 10
17 1
9 23
0 25
19 13
12 20
29 14
11 2
20 1
6 10
3 2
25 27
24 9

30 362
4 1
28 8
11 15
15 21
24 31
16 37
17 41
29 48
26 56
9 58
3 63
22 71
19 80
2 82
0 92
23 97
25 104
18 111
13 115
8 121
5 125
21 126
7 134
12 138
14 147
20 157
27 163
6 164
10 168
1 171
7 20
3 6
0 8
3 25
28 8
29 8
2 12
27 1
13 20
25 12
4 25
16 25
19 2
16 12
8 7
11 10
28 11
4 16
22 1
24 0
2 25
24 29
9 5
24 20
14 20
29 22
10 1
11 8
3 18
22 7
25 13
29 6
17 6
15 20
3 8
26 25
28 7
26 9
16 26
19 1
29 3
9 18
3 0
2 7
28 19
13 10
16 0
17 26
16 9
28 18
23 6
11 16
11 25
29 26
22 21
7 12
9 22
23 1
22 18
16 14
28 27
4 8
8 10
28 29
3 10
28 16
23 25
26 7
29 20
0 18
0 23
2 18
6 1
28 22
22 27
24 19
9 1
16 22
2 5
28 17
15 16
9 3
15 27
28 14
19 14
24 26
28 9
24 6
22 2
16 1
28 15
7 10
12 10
17 18
11 29
28 23
24 14
16 19
17 9
25 21
11 12
4 24
8 20
21 1
28 26
29 23
15 5
2 8
28 13
24 21
14 10
16 7
4 20
25 20
24 18
19 5
22 14
19 13
0 13
9 25
4 6
29 25
22 5
19 0
21 27
15 29
0 1
27 10
13 14
25 5
17 21
15 6
25 18
29 5
24 12
4 1
24 10
15 1
11 15
9 6
11 14
24 9
20 27
18 27
3 20
18 12
28 2
9 8
11 5
7 6
24 16
2 13
5 20
16 2
3 14
3 7
4 10
29 12
21 10
28 21
2 21
5 7
24 5
29 13
16 17
28 24
17 20
15 14
4 18
22 13
3 12
0 21
11 1
24 22
4 15
28 10
23 7
2 20
13 12
22 12
17 1
26 18
5 1
3 27
22 20
4 14
26 1
18 5
4 19
16 13
24 1
4 26
9 23
3 22
15 25
23 8
7 27
0 25
23 12
18 8
0 5
2 6
22 23
2 14
3 19
14 27
11 24
25 14
23 27
12 20
29 10
25 6
17 14
25 10
15 8
18 6
18 10
16 6
23 18
3 2
25 27
5 21
2 0
9 7
23 10
17 22
4 11
4 7
17 7
11 20
15 17
16 20
17 13
15 18
26 23
4 9
23 21
9 27
15 13
29 7
29 19
12 27
28 12
11 13
8 12
5 6
24 3
13 6
17 2
15 19
3 23
24 23
0 20
6 10
28 20
9 20
19 18
26 2
19 27
18 14
23 20
15 9
22 10
16 5
15 26
19 25
11 22
4 29
4 28
27 6
11 26
4 21
4 17
23 13
29 18
17 25
4 5
25 1
11 9
0 12
4 27
26 12
26 5
22 6
17 29
15 22
4 3
17 5
3 21
29 21
24 25
7 1
26 8
17 12
11 21
8 6
22 8
28 1
24 7
24 2
8 1
8 5
4 12
17 27
9 2
15 10
18 20
14 6
18 7
26 3
13 1
15 2
16 21
24 8
29 27
19 12
26 20
9 10
20 6
5 14
19 21
20 1
0 10
5 12
12 14
26 13
19 10
22 0
8 14
29 9
11 0
5 27
21 14
9 19
0 6
15 7
24 13
16 29
13 5
14 1
26 27
15 0
11 23
17 0
12 6
0 7
2 1
15 21
11 3
11 2
9 12
15 3
15 24
22 25
0 14
2 27
26 14
16 3
24 17
23 14
13 7
18 1

30 28
4 1
28 5
11 13
15 17
24 23
16 33
17 34
29 38
26 42
9 46
3 53
22 54
19 55
2 63
0 71
23 79
25 83
18 91
13 92
8 98
5 102
21 104
7 107
12 108
14 118
20 124
27 132
6 141
10 147
1 152
11 20
26 19
19 23
15 7
25 6
4 27
19 25
3 21
8 10
5 20
17 2
26 21
24 23
22 18
24 14
24 19
25 14
11 23
4 10
11 9
3 6
3 23
23 20
19 2
16 12
2 23
4 6
22 13

30 50
4 1
28 7
11 16
15 23
24 32
16 34
17 36
29 38
26 45
9 50
3 59
22 64
19 66
2 73
0 78
23 84
25 88
18 92
13 100
8 104
5 105
21 114
7 122
12 125
14 128
20 131
27 134
6 143
10 145
1 147
8 5
3 20
29 14
0 5
0 6
4 16
29 6
17 9
18 13
0 10
15 3
16 8
11 7
17 18
14 10
19 12
26 27
28 17
4 8
4 10
3 19
16 6
9 14
29 13
15 9
26 13
4 0
18 10
26 5
17 0
9 0
24 0
8 10
17 13
9 19
13 1
23 1
11 8
19 8
8 20
11 20
22 25
9 2
18 21
19 0
25 1
28 10
3 18
11 5
2 20

30 80
4 1
28 8
11 16
15 23
24 26
16 34
17 38
29 44
26 47
9 49
3 50
22 59
19 68
2 74
0 83
23 93
25 102
18 112
13 117
8 123
5 132
21 139
7 149
12 151
14 155
20 164
27 168
6 175
10 178
1 186
18 7
8 5
15 25
26 3
26 2
4 11
8 14
14 10
9 25
14 6
11 29
5 20
28 9
15 9
22 21
25 21
24 25
4 5
4 17
4 19
23 21
22 5
20 27
15 2
22 27
15 14
19 2
0 8
24 23
15 17
23 27
22 14
3 18
0 10
24 8
3 2
9 3
4 14
7 14
3 25
28 22
5 7
19 5
9 7
16 10
9 2
4 12
16 3
28 24
29 13
14 20
22 2
2 14
28 20
4 15
24 20
23 12
11 7
11 26
12 10
3 22
11 3
15 22
16 9
19 27
24 1
29 0
3 0
16 22
15 13
12 6
14 27
17 13
16 27
0 21
2 7
0 18
26 6
11 14
16 26

30 293
4 1
28 10
11 15
15 25
24 26
16 27
17 37
29 47
26 57
9 61
3 66
22 69
19 75
2 78
0 81
23 91
25 95
18 104
13 113
8 122
5 129
21 133
7 137
12 138
14 139
20 141
27 149
6 152
10 159
1 162
3 21
2 1
5 10
19 1
11 17
9 20
8 12
16 22
17 9
10 1
4 0
29 19
25 12
29 21
21 27
15 20
28 9
4 29
25 21
16 5
13 5
16 19
19 0
17 13
11 6
9 13
19 21
15 2
2 23
23 12
27 1
3 18
26 6
24 6
2 13
3 14
11 26
3 5
17 14
18 1
9 25
22 1
19 6
8 7
28 27
18 8
29 22
29 10
17 20
11 24
20 6
11 7
15 3
9 22
23 7
17 12
22 12
27 6
23 25
29 7
11 25
4 25
0 13
28 13
0 23
28 2
7 1
22 23
3 2
5 27
5 12
13 21
22 8
28 14
23 10
16 13
19 7
29 26
13 1
28 0
15 10
22 7
16 17
11 19
18 21
16 2
28 12
17 8
0 25
29 27
28 22
24 25
24 12
26 25
11 12
28 1
17 23
29 9
29 1
6 1
15 18
4 24
8 6
17 26
28 21
9 5
24 7
13 10
11 16
17 19
24 19
29 5
4 14
15 25
16 10
25 1
23 20
25 10
5 6
22 10
4 27
9 21
23 21
25 14
7 14
24 16
7 27
17 6
29 8
6 10
26 8
16 29
27 10
9 27
17 0
28 17
17 5
16 9
11 5
19 8
15 13
16 23
0 27
16 26
2 6
4 5
28 10
19 2
15 0
22 5
16 3
13 20
9 2
29 3
2 27
2 7
4 10
3 22
24 20
11 29
8 21
18 14
17 22
9 14
17 7
28 19
26 14
24 27
4 23
23 18
2 12
21 12
15 27
16 18
4 15
11 13
12 1
8 20
24 23
23 14
26 1
3 20
22 14
2 10
23 6
4 21
22 21
26 0
4 2
29 0
17 21
4 3
22 6
19 14
24 18
12 27
15 6
5 14
14 20
16 8
5 1
8 1
0 20
8 14
19 20
15 24
11 21
26 21
14 10
5 21
3 8
23 8
26 7
11 8
24 5
22 20
19 25
29 20
12 14
19 27
7 20
3 27
13 8
19 23
20 1
26 9
4 11
4 8
26 5
15 5
15 1
29 12
26 18
24 13
3 12
4 22
12 10
19 13
24 8
9 10
9 8
21 14
11 3
15 22
18 13
15 26
16 25
3 23
26 19
24 0
19 10
16 21
21 1
14 27
11 23
19 18
25 27
3 7
18 7
26 27
14 6
24 3
25 18
29 18
24 9
25 20
11 1
4 9
4 28
22 18
11 20
4 13
4 26
12 20
9 7
26 23
4 18
17 2
11 27
21 20
4 20
22 25
22 2
23 1
29 6
24 2
4 19
26 13
2 8
9 6
16 7
15 9
3 6

30 318
4 1
28 11
11 14
15 21
24 29
16 32
17 39
29 42
26 48
9 52
3 57
22 67
19 75
2 85
0 91
23 100
25 107
18 109
13 115
8 124
5 129
21 135
7 141
12 149
14 158
20 159
27 166
6 175
10 181
1 185
14 6
0 23
13 21
2 25
28 6
9 12
18 21
16 23
20 1
21 20
4 23
29 19
23 21
29 13
13 6
15 25
28 17
4 29
23 5
16 14
25 14
16 25
19 0
17 23
11 21
9 23
14 27
15 26
2 18
0 6
21 7
3 23
26 6
16 17
2 13
3 12
28 1
3 18
17 20
25 7
9 0
22 6
2 0
18 5
28 21
27 10
29 22
29 6
17 6
28 20
5 27
11 25
11 10
9 3
0 27
17 7
22 7
5 10
0 21
29 8
11 29
4 13
0 13
28 0
0 25
28 22
8 7
3 10
3 22
13 8
18 10
25 20
20 27
28 5
23 18
16 21
19 12
29 26
25 1
28 2
15 21
22 21
16 29
11 16
25 13
16 18
28 8
17 18
0 18
29 20
28 26
24 0
24 27
26 19
11 18
28 14
17 0
29 9
29 10
21 14
15 2
4 17
18 14
17 26
28 13
9 13
24 14
25 6
28 27
17 22
24 3
29 18
4 27
21 6
16 10
23 10
0 1
23 27
13 5
22 27
4 1
9 8
0 20
23 7
13 1
15 27
8 21
17 10
20 10
21 12
26 18
16 26
5 1
9 14
17 2
28 16
17 8
16 2
11 0
19 21
15 0
16 13
0 5
12 10
2 6
12 20
28 12
19 2
15 9
22 23
16 0
25 27
9 19
29 3
2 20
2 5
28 15
9 10
24 6
28 10
18 8
25 21
17 3
9 7
17 21
28 9
26 12
24 1
4 25
0 7
2 14
13 14
15 13
16 5
4 24
11 26
8 10
18 12
20 6
0 10
26 1
3 14
22 12
2 1
23 25
4 20
22 18
7 1
4 2
29 2
17 5
4 3
22 20
19 14
24 23
8 27
15 8
18 1
8 1
7 10
13 7
18 20
0 8
18 7
19 10
11 20
11 23
21 27
5 20
18 6
3 25
7 20
26 21
7 27
24 21
12 1
14 20
29 12
8 14
19 1
7 12
3 20
25 12
19 23
5 6
29 1
4 11
4 12
26 13
15 23
15 14
29 5
26 2
24 13
3 7
4 22
8 6
19 5
24 5
9 27
9 18
13 20
11 15
15 17
23 1
11 27
16 8
27 6
26 9
24 19
2 23
16 20
13 10
5 7
11 17
19 8
23 20
3 21
25 8
12 27
5 12
24 26
23 8
29 0
15 1
23 14
11 14
4 9
4 28
22 19
11 13
4 7
4 26
8 20
9 21
26 22
4 8
7 6
11 5
13 27
4 6
3 1
3 6
23 13
29 27
24 22
4 19
26 25
2 8
9 20
16 6
11 6
3 27
26 8
15 3
8 5
0 14
11 9
17 19
16 7
26 3
6 1
4 14
26 20
22 14
16 22
12 6
19 25
12 14
3 8
27 1
24 2
29 23
17 9
3 2
25 18
22 0
19 7

30 360
4 1
28 6
11 15
15 19
24 20
16 27
17 34
29 41
26 49
9 59
3 69
22 77
19 82
2 86
0 94
23 96
25 105
18 113
13 117
8 119
5 128
21 131
7 134
12 137
14 141
20 144
27 153
6 156
10 165
1 175
7 27
22 0
0 14
3 12
28 14
26 19
2 27
6 1
8 5
25 10
4 0
17 3
19 21
17 13
8 20
11 1
28 17
4 17
19 5
24 6
2 13
24 18
9 1
16 13
14 27
29 27
13 20
11 21
3 14
22 10
25 20
26 8
29 21
24 3
3 20
26 20
28 27
26 21
16 20
2 25
29 20
9 6
3 21
2 20
28 25
8 7
17 26
17 20
16 27
28 7
25 21
11 9
11 8
29 12
22 6
7 20
9 21
25 12
22 12
17 8
11 15
4 25
5 14
28 19
22 23
28 9
23 21
9 0
26 18
0 7
0 5
2 8
13 6
28 23
19 23
24 20
3 18
16 10
2 12
28 22
15 17
9 5
24 22
28 10
19 1
24 8
28 0
16 8
22 13
17 12
28 29
7 1
14 20
29 22
11 3
28 5
16 18
16 1
17 27
25 6
11 14
4 16
8 1
7 14
28 2
29 1
15 10
2 21
28 12
16 2
14 1
17 18
4 27
18 8
16 29
19 27
19 2
19 20
0 12
9 27
4 1
26 9
22 27
19 7
21 1
15 9
23 5
6 10
13 1
25 27
29 0
24 19
25 14
26 2
16 23
28 24
16 5
24 0
11 29
3 23
11 20
24 5
20 6
13 7
22 19
13 8
28 18
9 10
11 7
7 10
24 23
2 5
21 14
17 29
3 1
3 6
28 15
26 25
7 12
28 20
2 14
5 10
16 19
26 22
16 12
28 26
29 13
24 9
4 23
22 14
3 10
0 27
15 24
24 14
4 15
11 16
23 27
2 1
13 10
22 1
29 7
26 27
21 6
22 2
19 0
4 12
9 8
18 10
4 2
17 22
16 21
4 9
9 20
3 13
15 14
23 14
7 6
0 21
23 6
18 6
0 20
0 18
22 21
2 6
3 8
14 6
11 26
18 13
25 8
12 27
26 5
18 21
29 18
18 7
15 6
13 12
13 14
17 21
23 7
3 5
18 5
5 6
2 18
3 22
25 7
17 6
4 11
4 21
29 23
11 27
15 26
17 5
29 19
15 20
26 14
4 3
23 20
3 0
15 27
26 23
29 6
12 6
28 6
11 5
8 6
21 27
24 7
8 21
17 1
15 18
3 7
24 10
23 18
10 1
28 1
3 2
19 14
26 12
2 0
13 5
23 1
15 2
19 18
17 0
15 19
19 12
11 0
4 26
4 28
27 1
11 22
4 8
4 29
23 12
26 3
29 9
4 18
18 20
11 19
0 10
4 10
9 23
9 2
19 25
17 14
15 25
4 19
29 2
3 27
26 0
16 17
12 14
9 19
29 25
11 12
5 7
22 20
11 17
16 0
24 27
5 20
8 14
4 7
29 8
9 14
24 2
13 21
14 10
18 1
26 7
8 12
15 13
17 25
16 22
26 13
19 10
9 18
3 25
20 10
21 12
19 6
27 6
23 8
21 7
12 20
9 22
2 23
22 5
8 10
29 14
11 25
21 20
21 10
9 7
23 13
24 16
16 26
16 14
13 27
20 27
9 13
15 12
11 13
29 26
12 1
0 6
0 13
15 1
11 2
11 23
3 19
15 0
15 16
22 7
0 1
0 25
9 25
16 6
24 25
23 10

30 80
4 1
28 8
11 12
15 18
24 26
16 27
17 36
29 38
26 39
9 44
3 51
22 59
19 66
2 74
0 77
23 83
25 89
18 90
13 91
8 93
5 103
21 105
7 110
12 113
14 121
20 126
27 132
6 140
10 142
1 147
25 6
25 10
15 22
17 6
17 10
4 28
18 14
14 1
26 7
14 27
11 26
13 10
28 27
15 17
3 12
25 14
15 6
4 10
4 9
4 27
0 23
3 5
6 10
15 26
3 6
15 18
22 23
19 10
15 5
15 16
25 21
3 27
3 19
2 1
24 17
9 12
29 19
28 9
5 14
9 1
28 6
13 27
22 5
26 20
16 21
26 22
28 16
16 22
28 5
17 8
12 20
3 2
22 10
11 16
4 29
24 19
23 13
11 12
11 18
7 10
9 5
11 21
15 29
16 17
22 12
24 18
17 2
9 6
16 0
15 23
21 27
12 27
16 6
16 18
2 0
22 6
19 27
29 9
15 24
24 13

30 301
4 1
28 6
11 11
15 18
24 28
16 32
17 36
29 39
26 42
9 52
3 53
22 62
19 71
2 72
0 81
23 83
25 84
18 92
13 101
8 103
5 110
21 118
7 120
12 121
14 123
20 133
27 134
6 136
10 141
1 147
9 1
2 6
8 20
19 20
28 20
9 0
18 6
16 19
17 29
12 10
4 8
17 10
23 12
29 19
5 12
15 5
28 17
4 29
23 7
16 7
18 13
16 0
22 8
17 2
11 7
26 10
22 27
15 3
19 6
0 20
12 20
9 20
26 5
24 20
19 10
3 2
28 10
9 10
17 8
25 10
26 6
22 18
19 21
18 27
28 5
25 21
17 6
29 21
17 5
28 12
7 6
11 25
15 26
26 12
0 14
17 13
3 1
7 1
0 8
29 23
11 3
4 7
0 25
28 0
2 1
28 3
21 7
3 5
9 12
8 5
13 10
18 5
3 14
28 8
23 18
16 5
22 6
17 12
18 14
28 19
15 14
3 10
24 27
11 17
25 7
16 25
28 18
17 0
0 23
29 8
28 29
24 19
24 5
29 10
11 13
28 7
17 19
17 14
29 12
12 6
15 0
4 16
13 7
16 10
28 23
9 3
24 8
18 7
28 14
17 9
24 16
29 22
4 1
14 6
16 6
25 13
0 6
23 10
8 12
22 25
28 15
9 22
0 12
23 14
5 6
15 6
5 1
17 21
29 3
12 27
26 19
24 6
12 14
9 25
17 22
28 16
17 23
16 29
11 2
22 14
15 23
16 18
0 13
24 10
2 14
4 6
28 21
22 13
15 19
3 20
16 26
18 21
26 27
17 27
2 7
2 18
28 24
9 7
24 21
28 6
18 20
25 20
17 26
9 2
17 18
28 26
26 18
24 12
4 21
0 5
2 13
8 10
15 7
16 8
4 15
11 22
21 10
13 21
24 22
0 27
26 7
3 25
22 19
2 20
0 10
4 10
3 6
10 1
4 13
17 1
17 25
4 19
22 23
22 10
24 2
21 27
15 12
13 1
21 1
6 1
8 6
13 20
0 18
18 10
19 18
11 6
11 0
12 1
7 20
13 27
9 27
20 10
26 25
27 6
24 13
22 0
22 21
29 13
21 12
19 5
14 1
3 18
25 1
22 5
7 10
29 14
4 11
4 27
26 0
15 8
15 20
29 25
29 1
24 0
3 19
4 0
21 6
22 12
24 18
9 5
26 1
8 1
11 15
15 9
25 5
15 16
16 13
9 14
29 20
24 3
19 12
16 14
5 20
7 12
11 29
22 7
23 6
3 22
25 12
26 8
7 14
15 1
23 5
29 9
15 10
23 27
11 14
4 3
4 28
3 12
11 8
4 14
4 9
21 20
9 19
29 6
4 12
6 10
11 21
5 21
28 11
3 21
3 8
23 8
29 5
24 29
4 18
26 9
2 25
9 18
16 27
15 29
3 13
26 23
15 2
5 10
0 7
11 19
17 3
16 21
29 27

30 352
4 1
28 7
11 10
15 14
24 18
16 22
17 24
29 29
26 32
9 37
3 47
22 49
19 50
2 52
0 60
23 68
25 73
18 76
13 85
8 91
5 96
21 102
7 107
12 116
14 117
20 121
27 125
6 130
10 135
1 142
12 6
22 2
0 6
3 5
28 12
29 12
2 1
24 29
8 27
18 20
4 2
16 27
19 14
17 3
5 10
11 6
4 1
4 16
19 7
24 25
2 21
24 26
9 20
16 9
27 10
29 25
8 21
11 21
3 21
22 6
18 5
26 19
29 3
15 20
3 7
26 12
28 20
26 25
16 25
2 8
29 23
9 12
3 18
2 10
28 25
5 7
16 20
17 18
16 8
28 21
25 10
11 29
11 8
29 19
22 20
12 27
9 23
18 13
22 21
17 22
28 1
4 25
21 20
28 9
22 0
28 17
25 18
26 10
29 1
0 20
0 12
2 7
8 12
28 0
19 18
24 2
3 2
16 7
2 27
28 29
15 16
9 0
15 6
28 6
2 25
24 9
28 2
16 3
22 23
17 23
28 15
14 27
27 6
17 12
11 26
28 5
16 26
16 12
17 13
18 12
11 14
4 24
21 12
12 20
28 3
29 13
15 21
2 20
28 7
24 1
10 1
17 26
4 12
18 6
24 12
19 1
19 2
19 10
0 27
9 7
4 20
29 8
22 14
19 20
7 1
15 29
23 6
16 21
8 20
18 21
17 27
15 10
18 8
29 14
16 29
4 10
16 22
24 16
11 16
3 22
11 20
24 3
22 5
13 6
3 10
13 14
28 18
9 14
11 7
14 20
24 17
2 14
7 14
16 14
3 6
3 20
4 6
29 6
12 14
28 14
2 6
21 10
24 6
29 21
16 2
28 24
29 26
15 14
4 23
22 7
3 27
0 1
11 10
24 19
4 15
11 15
25 12
0 8
8 14
22 10
29 22
26 14
7 6
3 1
19 25
4 7
9 2
13 7
4 22
16 6
16 19
4 26
9 5
3 0
15 18
25 21
12 1
0 14
25 14
13 21
0 10
0 21
22 8
0 25
3 23
27 1
11 17
18 27
25 6
20 27
26 2
18 1
17 1
13 8
15 5
13 1
8 5
17 0
25 13
3 25
18 10
21 6
2 5
9 27
25 1
17 8
4 11
4 5
17 6
11 27
15 17
17 2
17 14
15 13
26 21
4 9
25 7
9 1
15 8
29 27
29 18
20 6
28 27
11 5
5 1
7 27
24 22
8 1
17 5
15 0
3 8
24 18
23 14
25 20
28 10
9 10
19 6
26 5
2 18
13 20
25 27
15 3
19 21
16 1
15 9
19 27
11 2
4 29
4 28
9 3
11 9
4 8
4 17
25 5
29 5
17 7
4 18
13 5
11 22
23 5
4 14
26 1
26 6
19 5
17 25
15 19
4 3
17 20
3 14
29 20
24 8
14 10
26 27
17 10
11 12
21 14
22 12
11 24
16 17
24 0
21 27
5 20
4 21
29 9
9 18
15 1
13 27
6 1
13 12
26 18
5 12
15 23
17 29
24 27
26 9
2 23
9 22
3 19
23 7
7 12
2 0
0 5
23 27
21 1
14 1
26 20
2 13
22 13
21 7
29 0
11 23
7 20
7 10
9 25
23 20
15 12
24 20
16 0
8 7
15 24
9 19
15 25
11 25
17 21
20 10
23 8
0 7
15 7
11 19
11 0
9 6
15 22

30 25
4 1
28 7
11 16
15 24
24 25
16 26
17 36
29 40
26 48
9 52
3 61
22 70
19 72
2 78
0 82
23 84
25 92
18 96
13 106
8 116
5 126
21 135
7 140
12 142
14 152
20 161
27 168
6 171
10 176
1 185
15 24
26 12
8 21
15 6
12 20
4 19
8 20
2 14
4 7
23 21
26 13
3 10
17 22
23 5
17 2
24 12
14 27
11 14
28 3
11 16
0 12
22 5
12 10
18 20
17 25

