8 17
4 1
3 9
7 16
6 23
0 28
5 34
2 40
1 48
4 0
3 6
5 1
3 5
4 6
3 1
7 1
4 3
0 1
7 2
6 5
0 2
3 0
4 1
7 0
4 2
0 5

8 28
4 1
3 7
7 8
6 11
0 16
5 26
2 33
1 34
5 1
4 2
7 2
3 7
0 1
6 2
3 2
0 2
7 5
3 5
6 5
7 0
5 2
4 5
3 0
7 1
0 5
4 0
4 3
3 1
3 6
6 1
7 6
6 0
4 7
4 1
2 1
4 6

8 24
4 1
3 9
7 14
6 15
0 19
5 23
2 25
1 28
4 0
3 7
6 5
3 0
4 6
0 1
7 6
2 1
6 0
3 1
0 2
7 1
3 6
4 2
3 2
6 2
5 1
4 5
4 3
7 0
3 5
5 2
7 5
6 1

8 12
4 1
3 3
7 9
6 13
0 19
5 27
2 34
1 41
4 2
3 1
3 5
7 1
4 6
6 0
5 1
4 7
3 0
5 2
7 6
0 1

8 18
4 1
3 6
7 8
6 10
0 15
5 23
2 33
1 42
4 5
3 7
0 1
3 5
4 7
3 1
7 1
4 3
0 2
7 5
6 0
6 2
3 0
4 1
7 6
5 1
6 5
4 2

8 10
4 1
3 10
7 14
6 24
0 29
5 32
2 33
1 35
4 2
7 6
3 5
7 1
4 0
0 2
2 1
4 7
3 6
7 2

8 19
4 1
3 6
7 11
6 19
0 27
5 33
2 42
1 49
4 6
3 6
5 2
3 5
4 7
7 6
7 2
2 1
0 2
7 5
7 1
6 2
3 0
3 7
7 0
5 1
6 5
4 1
4 3

8 24
4 1
3 5
7 13
6 18
0 28
5 32
2 41
1 49
4 6
4 2
6 2
3 7
4 7
0 1
7 6
2 1
6 5
3 1
0 2
6 0
4 1
4 5
3 5
6 1
5 1
4 0
4 3
7 0
3 6
5 2
7 2
0 5

8 28
4 1
3 5
7 8
6 11
0 21
5 30
2 38
1 41
5 1
4 2
7 2
3 7
0 1
6 2
3 2
0 2
7 5
3 5
6 5
7 0
5 2
4 5
3 0
7 1
0 5
4 0
4 3
3 1
3 6
6 1
7 6
6 0
4 7
4 1
2 1
4 6

8 10
4 1
3 4
7 12
6 13
0 16
5 25
2 31
1 37
3 7
7 5
7 6
6 5
4 5
6 1
0 5
4 0
3 2
7 2

